 893108
 893107
 893106
 893105
 893104
 893103
 893102
 893101
 893100
 893099
 893098
 893097
 893096
 893095
 893094
 893093
 893092
 893091
 893090
 893089
 893088
 893087
 893085
 893084
 893083
 893082
 893081
 893080
 893079
 893078
 893077
 893076
 893075
 893074
 893073
 893072
 893071
 893070
 893069
 893068
 893067
 893066
 893065
 893064
 893063
 893062
 893061
 893060
 893059
 893058
 893057
 893056
 893055
 893054
 893053
 893052
 893051
 893050
 893049
 893048
 893047
 893046
 893045
 893044
 893043
 893042
 893041
 893040
 893039
 893038
 893037
 893036
 893035
 893034
 893033
 893032
 893031
 893030
 893029
 893028
 893027
 893026
 893025
 893024
 893023
 893022
 893021
 893020
 893019
 893018
 893017
 893016
 893015
 893014
 893013
 893012
 893011
 893010
 893009
 893007
 893006
 893004
 893003
 893002
 893001
 893000
 892999
 892998
 892997
 892996
 892995
 892994
 892993
 892992
 892991
 892990
 892989
 892988
 892987
 892986
 892985
 892984
 892983
 892982
 892981
 892980
 892979
 892978
 892975
 892974
 892973
 892972
 892971
 892970
 892969
 892968
 892965
 892963
 892962
 892961
 892960
 892959
 892957
 892956
 892955
 892954
 892953
 892952
 892951
 892950
 892949
 892948
 892947
 892946
 892944
 892943
 892942
 892941
 892940
 892939
 892938
 892937
 892936
 892935
 892934
 892933
 892932
 892931
 892930
 892929
 892928
 892927
 892926
 892925
 892924
 892923
 892922
 892921
 892920
 892919
 892918
 892917
 892916
 892915
 892914
 892913
 892912
 892911
 892910
 892909
 892908
 892907
 892906
 892904
 892902
 892901
 892899
 892896
 892895
 892893
 892891
 892890
 892889
 892887
 892886
 892885
 892884
 892883
 892882
 892881
 892880
 892878
 892877
 892876
 892875
 892874
 892873
 892872
 892871
 892870
 892869
 892868
 892866
 892865
 892864
 892863
 892862
 892861
 892860
 892859
 892855
 892853
 892852
 892851
 892850
 892849
 892847
 892846
 892844
 892843
 892841
 892839
 892837
 892836
 892835
 892834
 892833
 892832
 892831
 892830
 892829
 892828
 892827
 892823
 892820
 892819
 892818
 892817
 892816
 892815
 892812
 892811
 892808
 892806
 892802
 892797
 892792
 892791
 892787
 892786
 892785
 892784
 892781
 892753
 892752
 892747
 892743
 892742
 892733
 892723
 892715
 892692
 892683
 892681
 892678
 892674
 892671
 892658
 892649
 892642
 892524
 892521
 892453
 892451
 891460